montpellier 2025  1  1   1 -1.200 7.300 2.599200 -999.9 0.000 1.358154 7.748214 400.000
montpellier 2025  1  2   2 5.700 12.300 5.436000 -999.9 0.000 2.019780 9.589554 400.000
montpellier 2025  1  3   3 3.500 11.600 5.108400 -999.9 0.000 2.135712 7.663117 400.000
montpellier 2025  1  4   4 2.600 7.300 1.717200 -999.9 0.300 1.238482 5.795063 400.000
montpellier 2025  1  5   5 6.500 14.100 4.197600 -999.9 2.900 3.775283 11.553194 400.000
montpellier 2025  1  6   6 10.400 15.800 6.771600 -999.9 1.100 3.265741 11.226404 400.000
montpellier 2025  1  7   7 6.400 13.500 6.991200 -999.9 0.100 2.131972 8.818548 400.000
montpellier 2025  1  8   8 5.500 15.600 7.282800 -999.9 0.100 1.525509 10.830140 400.000
montpellier 2025  1  9   9 5.800 16.100 5.403600 -999.9 0.000 2.642449 10.177241 400.000
montpellier 2025  1 10  10 5.900 13.400 2.628000 -999.9 0.000 2.023831 8.520520 400.000
montpellier 2025  1 11  11 2.200 14.400 5.637600 -999.9 7.200 1.901042 9.717727 400.000
montpellier 2025  1 12  12 -1.400 7.700 8.334000 -999.9 0.000 2.354799 4.031659 400.000
montpellier 2025  1 13  13 -2.800 8.600 8.582400 -999.9 0.000 1.486241 4.359445 400.000
montpellier 2025  1 14  14 -3.800 7.800 8.341200 -999.9 0.000 0.919357 4.085818 400.000
montpellier 2025  1 15  15 -3.600 9.000 8.474400 -999.9 0.000 1.369374 4.630073 400.000
montpellier 2025  1 16  16 1.200 10.600 7.520400 -999.9 0.000 2.635904 6.305238 400.000
montpellier 2025  1 17  17 0.600 11.400 8.823600 -999.9 0.000 1.743038 5.413825 400.000
montpellier 2025  1 18  18 -2.100 11.100 8.348400 -999.9 0.000 1.251883 4.921339 400.000
montpellier 2025  1 19  19 1.800 12.600 7.466400 -999.9 0.000 1.100735 6.377465 400.000
montpellier 2025  1 20  20 2.800 9.300 3.373200 -999.9 7.800 1.679462 8.516661 400.000
montpellier 2025  1 21  21 6.200 12.400 3.992400 -999.9 14.500 2.919814 10.629631 400.000
montpellier 2025  1 22  22 10.700 13.800 3.330000 -999.9 16.300 3.257639 13.603806 400.000
montpellier 2025  1 23  23 4.400 16.600 8.607600 -999.9 0.000 2.177161 10.492243 400.000
montpellier 2025  1 24  24 0.900 11.400 4.305600 -999.9 0.000 1.804432 8.549598 400.000
montpellier 2025  1 25  25 9.800 15.900 6.796800 -999.9 2.100 3.531576 12.998047 400.000
montpellier 2025  1 26  26 5.700 13.000 7.124400 -999.9 0.700 1.785110 9.665616 400.000
montpellier 2025  1 27  27 10.600 17.500 6.105600 -999.9 11.600 1.949036 13.208855 400.000
montpellier 2025  1 28  28 7.100 12.400 6.775200 -999.9 3.200 3.047901 8.679903 400.000
montpellier 2025  1 29  29 7.400 13.400 8.406000 -999.9 0.000 2.632476 9.011907 400.000
montpellier 2025  1 30  30 8.900 12.100 3.484800 -999.9 31.300 3.333369 11.628167 400.000
montpellier 2025  1 31  31 4.900 13.600 9.259200 -999.9 0.600 2.266603 7.816908 400.000
montpellier 2025  2  1  32 2.600 10.100 6.220800 -999.9 3.100 2.523712 7.085966 400.000
montpellier 2025  2  2  33 3.700 13.400 8.208000 -999.9 9.100 1.978642 8.133149 400.000
montpellier 2025  2  3  34 -0.700 13.400 10.954800 -999.9 0.000 1.333846 6.776081 400.000
montpellier 2025  2  4  35 -1.200 12.600 11.214000 -999.9 0.000 1.087334 6.836213 400.000
montpellier 2025  2  5  36 -2.000 13.400 11.401200 -999.9 0.000 1.075180 6.628674 400.000
montpellier 2025  2  6  37 2.700 13.100 11.376000 -999.9 0.000 2.535554 6.579360 400.000
montpellier 2025  2  7  38 1.000 12.100 7.491600 -999.9 7.600 3.905863 8.673854 400.000
montpellier 2025  2  8  39 4.100 10.700 0.968400 -999.9 36.800 3.509137 9.219977 400.000
montpellier 2025  2  9  40 1.400 11.800 9.442800 -999.9 0.000 1.349117 8.042940 400.000
montpellier 2025  2 10  41 6.800 12.900 5.828400 -999.9 0.700 1.575372 10.367274 400.000
montpellier 2025  2 11  42 9.800 12.900 2.815200 -999.9 6.400 2.694805 11.984663 400.000
montpellier 2025  2 12  43 8.600 12.600 3.650400 -999.9 19.600 1.783863 12.126831 400.000
montpellier 2025  2 13  44 8.000 15.600 10.926000 -999.9 4.200 1.098865 10.902089 400.000
montpellier 2025  2 14  45 4.200 14.900 11.959200 -999.9 0.000 2.220480 7.458102 400.000
montpellier 2025  2 15  46 0.900 11.800 13.327200 -999.9 0.000 2.428348 5.359902 400.000
montpellier 2025  2 16  47 1.000 13.100 10.494000 -999.9 0.000 1.374672 7.320704 400.000
montpellier 2025  2 17  48 1.900 14.500 11.790000 -999.9 0.000 0.752937 7.500047 400.000
montpellier 2025  2 18  49 4.400 13.200 7.498800 -999.9 0.000 2.053749 9.270029 400.000
montpellier 2025  2 19  50 8.500 12.900 4.575600 -999.9 5.100 1.986745 11.576839 400.000
montpellier 2025  2 20  51 8.400 14.200 7.549200 -999.9 0.400 1.064584 11.305263 400.000
montpellier 2025  2 21  52 8.100 12.900 6.260400 -999.9 0.500 1.983940 11.363941 400.000
montpellier 2025  2 22  53 10.900 13.100 2.012400 -999.9 17.400 3.679608 13.033299 400.000
montpellier 2025  2 23  54 7.700 14.500 5.079600 -999.9 9.900 1.946231 11.422279 400.000
montpellier 2025  2 24  55 7.300 14.300 6.559200 -999.9 0.200 1.092632 11.774369 400.000
montpellier 2025  2 25  56 8.700 15.300 7.020000 -999.9 1.000 2.654915 10.035037 400.000
montpellier 2025  2 26  57 6.800 15.600 14.806800 -999.9 0.000 3.306879 6.511595 400.000
montpellier 2025  2 27  58 3.000 15.300 12.927600 -999.9 0.000 1.244092 8.376914 400.000
montpellier 2025  2 28  59 6.100 14.400 15.156000 -999.9 0.000 2.957835 6.009083 400.000
montpellier 2025  3  1  60 4.400 12.500 14.392800 -999.9 2.700 3.162898 6.672149 400.000
montpellier 2025  3  2  61 5.900 15.900 14.338800 -999.9 0.000 2.184640 7.472385 400.000
montpellier 2025  3  3  62 4.800 15.600 14.475600 -999.9 0.000 1.596876 7.571950 400.000
montpellier 2025  3  4  63 4.700 15.900 14.569200 -999.9 0.000 1.310473 7.622713 400.000
montpellier 2025  3  5  64 4.100 16.200 16.318800 -999.9 0.000 1.715301 8.484659 400.000
montpellier 2025  3  6  65 5.200 14.900 12.124800 -999.9 0.100 2.483821 9.924651 400.000
montpellier 2025  3  7  66 7.200 14.800 5.256000 -999.9 2.700 1.885460 10.473382 400.000
montpellier 2025  3  8  67 10.800 14.600 6.188400 -999.9 1.500 3.604189 11.561010 400.000
montpellier 2025  3  9  68 10.100 13.400 1.969200 -999.9 22.900 4.784082 11.951667 400.000
montpellier 2025  3 10  69 9.500 14.400 12.240000 -999.9 25.000 2.624685 12.265126 400.000
montpellier 2025  3 11  70 8.800 13.400 5.576400 -999.9 21.500 2.629671 11.993152 400.000
montpellier 2025  3 12  71 6.300 16.800 13.726800 -999.9 0.200 1.786356 9.409436 400.000
montpellier 2025  3 13  72 5.900 10.400 5.349600 -999.9 0.600 1.374672 7.851860 400.000
montpellier 2025  3 14  73 6.000 9.900 5.421600 -999.9 1.000 2.244477 7.706791 400.000
montpellier 2025  3 15  74 4.400 12.300 15.411600 -999.9 0.700 2.656161 6.516366 400.000
montpellier 2025  3 16  75 2.800 13.400 18.075600 -999.9 0.100 2.236685 6.165622 400.000
montpellier 2025  3 17  76 3.300 14.800 18.583200 -999.9 0.000 1.983940 6.634330 400.000
montpellier 2025  3 18  77 4.000 14.800 16.585200 -999.9 0.800 3.450859 8.870294 400.000
montpellier 2025  3 19  78 8.400 11.900 3.942000 -999.9 2.100 2.802635 9.162919 400.000
montpellier 2025  3 20  79 8.000 13.600 5.468400 -999.9 2.800 2.570147 10.071802 400.000
montpellier 2025  3 21  80 8.400 15.400 6.994800 -999.9 8.200 4.910610 11.860143 400.000
montpellier 2025  3 22  81 9.700 15.400 10.990800 -999.9 10.900 5.061759 13.214679 400.000
montpellier 2025  3 23  82 6.500 13.600 10.180800 -999.9 3.200 1.179581 10.625060 400.000
montpellier 2025  3 24  83 8.500 14.900 11.192400 -999.9 5.400 1.177088 10.692341 400.000
montpellier 2025  3 25  84 6.100 19.000 18.054000 -999.9 1.900 1.784175 10.083599 400.000
montpellier 2025  3 26  85 8.900 19.700 18.421200 -999.9 0.000 2.799207 8.902360 400.000
montpellier 2025  3 27  86 8.600 19.000 15.778800 -999.9 0.000 1.960567 9.203959 400.000
montpellier 2025  3 28  87 7.600 20.200 18.914400 -999.9 0.000 3.684906 8.594271 400.000
montpellier 2025  3 29  88 10.200 15.400 15.562800 -999.9 0.100 5.079523 7.600381 400.000
montpellier 2025  3 30  89 8.100 21.100 21.438000 -999.9 0.000 3.010191 7.245576 400.000
montpellier 2025  3 31  90 10.700 21.000 21.542400 -999.9 0.000 3.700800 7.782330 400.000
montpellier 2025  4  1  91 8.600 17.500 21.517200 -999.9 0.000 3.383855 7.747267 400.000
montpellier 2025  4  2  92 9.200 13.900 6.361200 -999.9 3.600 3.257015 10.296911 400.000
montpellier 2025  4  3  93 11.400 17.000 19.868400 -999.9 0.200 2.344515 12.801919 400.000
montpellier 2025  4  4  94 8.900 18.500 12.412800 -999.9 0.100 1.326367 11.322531 400.000
montpellier 2025  4  5  95 9.400 20.500 20.822400 -999.9 0.000 1.554180 10.966345 400.000
montpellier 2025  4  6  96 10.300 26.100 22.604400 -999.9 0.000 2.692936 10.163111 400.000
montpellier 2025  4  7  97 9.500 17.800 15.577200 -999.9 0.100 1.599680 10.752290 400.000
montpellier 2025  4  8  98 7.600 18.000 22.096800 -999.9 0.000 1.302058 11.729718 400.000
montpellier 2025  4  9  99 10.100 16.400 12.416400 -999.9 0.200 1.339767 13.151246 400.000
montpellier 2025  4 10 100 8.100 19.200 23.227200 -999.9 0.000 1.207318 12.328480 400.000
montpellier 2025  4 11 101 7.300 17.500 20.293200 -999.9 0.000 0.995710 12.525788 400.000
montpellier 2025  4 12 102 10.900 17.900 19.720800 -999.9 0.900 2.691689 13.196064 400.000
montpellier 2025  4 13 103 12.800 14.600 3.927600 -999.9 27.700 2.146931 14.226844 400.000
montpellier 2025  4 14 104 12.900 16.300 8.672400 -999.9 18.500 2.904232 14.963800 400.000
montpellier 2025  4 15 105 12.400 17.700 15.854400 -999.9 11.900 3.344588 14.944280 400.000
montpellier 2025  4 16 106 8.900 17.100 16.624800 -999.9 2.800 1.881720 10.782159 400.000
montpellier 2025  4 17 107 9.300 17.300 18.349200 -999.9 0.000 3.643768 8.016824 400.000
montpellier 2025  4 18 108 5.100 17.700 24.404400 -999.9 0.000 1.285853 9.419780 400.000
montpellier 2025  4 19 109 11.100 17.000 14.306400 -999.9 14.400 5.717463 14.448653 400.000
montpellier 2025  4 20 110 5.400 17.800 22.503600 -999.9 2.900 2.194301 11.012243 400.000
montpellier 2025  4 21 111 9.300 20.900 20.444400 -999.9 0.000 2.683274 10.247160 400.000
montpellier 2025  4 22 112 9.800 23.000 23.191200 -999.9 0.000 2.329556 10.537986 400.000
montpellier 2025  4 23 113 11.400 18.400 16.466400 -999.9 2.100 3.575518 10.742117 400.000
montpellier 2025  4 24 114 10.600 20.600 24.130800 -999.9 0.000 3.472363 10.057593 400.000
montpellier 2025  4 25 115 9.400 22.900 25.585200 -999.9 0.000 2.392820 10.325975 400.000
montpellier 2025  4 26 116 9.400 21.100 15.508800 -999.9 0.000 2.054372 10.789059 400.000
montpellier 2025  4 27 117 12.900 21.200 20.757600 -999.9 2.100 2.020403 12.752763 400.000
montpellier 2025  4 28 118 11.700 21.800 24.066000 -999.9 2.100 1.337897 14.059566 400.000
montpellier 2025  4 29 119 12.400 21.600 23.662800 -999.9 0.100 1.446974 14.865892 400.000
montpellier 2025  4 30 120 11.400 23.000 25.704000 -999.9 0.000 1.101981 13.960429 400.000
montpellier 2025  5  1 121 10.400 23.000 26.157600 -999.9 0.000 1.200773 12.382255 400.000
montpellier 2025  5  2 122 11.200 22.500 20.037600 -999.9 0.100 1.452272 13.518657 400.000
montpellier 2025  5  3 123 12.400 21.800 23.767200 -999.9 0.000 2.132907 15.557970 400.000
montpellier 2025  5  4 124 14.900 18.000 5.392800 -999.9 26.100 2.071513 16.021863 400.000
montpellier 2025  5  5 125 11.400 19.800 17.658000 -999.9 9.000 1.693174 13.797078 400.000
montpellier 2025  5  6 126 10.100 18.200 15.458400 -999.9 0.200 1.716548 9.867643 400.000
montpellier 2025  5  7 127 9.600 17.700 19.166400 -999.9 0.300 0.983556 10.582376 400.000
montpellier 2025  5  8 128 8.100 18.900 23.500800 -999.9 0.100 1.362518 10.805691 400.000
montpellier 2025  5  9 129 10.900 17.800 16.239600 -999.9 2.400 1.545766 13.038811 400.000
montpellier 2025  5 10 130 13.300 19.000 20.991600 -999.9 5.400 2.482886 14.515241 400.000
montpellier 2025  5 11 131 12.500 17.700 11.476800 -999.9 12.200 2.257254 14.759202 400.000
montpellier 2025  5 12 132 10.100 21.800 25.671600 -999.9 0.100 1.628663 12.520662 400.000
montpellier 2025  5 13 133 12.100 22.500 25.081200 -999.9 0.100 1.220407 13.602106 400.000
montpellier 2025  5 14 134 11.200 22.200 25.380000 -999.9 0.000 1.029368 14.893095 400.000
montpellier 2025  5 15 135 12.100 26.500 25.790400 -999.9 0.000 2.522465 12.631592 400.000
montpellier 2025  5 16 136 13.600 24.200 26.971200 -999.9 0.000 2.110157 11.067790 400.000
montpellier 2025  5 17 137 12.200 23.800 27.921600 -999.9 0.000 1.975837 10.616495 400.000
montpellier 2025  5 18 138 11.600 23.500 27.367200 -999.9 0.000 1.545454 13.969939 400.000
montpellier 2025  5 19 139 14.900 22.100 25.045200 -999.9 3.000 3.115528 16.411151 400.000
montpellier 2025  5 20 140 14.400 24.800 21.067200 -999.9 13.500 2.213000 15.240992 400.000
montpellier 2025  5 21 141 15.500 24.800 26.791200 -999.9 0.100 3.755649 11.797476 400.000
montpellier 2025  5 22 142 13.800 21.200 22.557600 -999.9 1.300 3.769050 10.305738 400.000
montpellier 2025  5 23 143 12.400 23.600 22.838400 -999.9 0.000 3.195933 9.529467 400.000
montpellier 2025  5 24 144 12.600 25.500 28.152000 -999.9 0.000 1.860840 9.824760 400.000
montpellier 2025  5 25 145 13.600 26.900 25.538400 -999.9 0.000 2.039725 12.476844 400.000
montpellier 2025  5 26 146 17.000 27.600 28.011600 -999.9 0.000 2.822580 11.483031 400.000
montpellier 2025  5 27 147 15.100 27.900 28.234800 -999.9 0.000 2.258812 10.841954 400.000
montpellier 2025  5 28 148 15.100 30.600 27.968400 -999.9 0.000 2.186510 13.311092 400.000
montpellier 2025  5 29 149 18.900 31.200 28.004400 -999.9 0.000 2.596637 13.511574 400.000
montpellier 2025  5 30 150 17.400 30.700 28.796400 -999.9 0.000 1.714989 14.004940 400.000
montpellier 2025  5 31 151 15.700 26.100 27.532800 -999.9 0.000 1.348805 17.363992 400.000
montpellier 2025  6  1 152 16.500 26.500 25.711200 -999.9 0.000 1.190489 18.872051 400.000
montpellier 2025  6  2 153 18.000 26.300 16.110000 -999.9 1.700 1.133146 19.697281 400.000
montpellier 2025  6  3 154 16.800 25.600 27.871200 -999.9 0.400 1.498084 18.168191 400.000
montpellier 2025  6  4 155 17.900 23.400 21.322800 -999.9 35.800 1.769216 19.348795 400.000
montpellier 2025  6  5 156 16.100 24.500 26.139600 -999.9 1.300 1.495591 17.274660 400.000
montpellier 2025  6  6 157 15.300 24.300 25.750800 -999.9 0.000 1.401162 19.637025 400.000
montpellier 2025  6  7 158 19.200 27.000 20.923200 -999.9 2.500 1.869254 20.020525 400.000
montpellier 2025  6  8 159 17.000 27.900 28.926000 -999.9 0.000 2.322076 14.124346 400.000
montpellier 2025  6  9 160 13.800 30.400 29.862000 -999.9 0.000 1.435754 11.715369 400.000
montpellier 2025  6 10 161 14.600 29.800 29.379600 -999.9 0.000 1.519899 14.125575 400.000
montpellier 2025  6 11 162 18.900 34.500 29.174400 -999.9 0.000 1.705017 15.754583 400.000
montpellier 2025  6 12 163 18.500 26.600 27.792000 -999.9 0.000 1.728079 20.379292 400.000
montpellier 2025  6 13 164 17.200 28.800 28.386000 -999.9 0.000 1.387761 19.181718 400.000
montpellier 2025  6 14 165 18.700 30.500 28.087200 -999.9 0.000 1.307356 16.366344 400.000
montpellier 2025  6 15 166 20.000 31.500 25.228800 -999.9 0.100 1.389007 19.694996 400.000
montpellier 2025  6 16 167 20.900 31.200 29.286000 -999.9 0.000 2.952849 14.079694 400.000
montpellier 2025  6 17 168 17.800 32.000 29.437200 -999.9 0.000 1.830922 14.572762 400.000
montpellier 2025  6 18 169 19.100 32.800 29.156400 -999.9 0.000 1.144677 16.815298 400.000
montpellier 2025  6 19 170 19.200 32.800 28.872000 -999.9 0.000 1.752387 17.359499 400.000
montpellier 2025  6 20 171 21.200 33.300 27.590400 -999.9 0.000 1.700030 17.838702 400.000
montpellier 2025  6 21 172 21.800 32.800 27.745200 -999.9 0.000 1.610276 20.830984 400.000
montpellier 2025  6 22 173 21.500 29.000 27.284400 -999.9 0.000 1.600615 25.311681 400.000
montpellier 2025  6 23 174 21.200 32.000 25.030800 -999.9 0.000 1.323250 24.391036 400.000
montpellier 2025  6 24 175 22.200 34.000 28.256400 -999.9 0.000 1.444481 21.556423 400.000
montpellier 2025  6 25 176 22.500 30.000 28.544400 -999.9 0.000 2.029129 22.913327 400.000
montpellier 2025  6 26 177 21.900 34.200 28.213200 -999.9 0.200 2.067461 17.933498 400.000
montpellier 2025  6 27 178 22.000 36.200 28.461600 -999.9 0.000 2.197730 15.438557 400.000
montpellier 2025  6 28 179 21.900 38.000 28.958400 -999.9 0.000 1.828429 15.937815 400.000
montpellier 2025  6 29 180 24.000 37.500 28.544400 -999.9 0.000 1.270894 20.351605 400.000
montpellier 2025  6 30 181 23.000 35.900 25.995600 -999.9 0.000 1.153403 23.716926 400.000
montpellier 2025  7  1 182 23.800 38.200 28.098000 -999.9 0.000 1.189866 19.587184 400.000
montpellier 2025  7  2 183 23.100 34.000 27.147600 -999.9 0.000 1.441987 23.914686 400.000
montpellier 2025  7  3 184 23.200 36.700 26.550000 -999.9 2.000 1.571321 21.679870 400.000
montpellier 2025  7  4 185 22.800 35.700 27.021600 -999.9 0.300 2.150048 20.561926 400.000
montpellier 2025  7  5 186 23.900 35.100 27.450000 -999.9 0.200 2.147866 15.103733 400.000
montpellier 2025  7  6 187 22.000 29.900 20.300400 -999.9 0.700 2.877742 11.441215 400.000
montpellier 2025  7  7 188 19.900 28.000 25.030800 -999.9 0.000 3.962271 14.199077 400.000
montpellier 2025  7  8 189 17.600 29.400 28.666800 -999.9 0.000 3.540613 10.407958 400.000
montpellier 2025  7  9 190 17.400 31.500 29.541600 -999.9 0.000 2.037232 9.789548 400.000
montpellier 2025  7 10 191 19.800 32.200 29.516400 -999.9 0.000 1.848686 10.388846 400.000
montpellier 2025  7 11 192 18.200 30.500 29.066400 -999.9 0.000 1.810353 14.456368 400.000
montpellier 2025  7 12 193 19.400 26.500 12.873600 -999.9 1.200 1.303616 22.562324 400.000
montpellier 2025  7 13 194 18.500 28.100 26.614800 -999.9 6.200 1.921923 20.360944 400.000
montpellier 2025  7 14 195 19.900 31.800 26.834400 -999.9 0.000 1.764230 21.376776 400.000
montpellier 2025  7 15 196 22.400 33.200 25.819200 -999.9 0.900 2.353864 18.611650 400.000
montpellier 2025  7 16 197 20.800 34.900 28.656000 -999.9 0.000 2.063410 12.331123 400.000
montpellier 2025  7 17 198 22.000 36.000 28.069200 -999.9 0.000 1.499642 15.563880 400.000
montpellier 2025  7 18 199 23.300 34.000 27.727200 -999.9 0.000 1.974591 16.257065 400.000
montpellier 2025  7 19 200 22.400 28.000 16.642800 -999.9 5.100 1.350987 23.741159 400.000
montpellier 2025  7 20 201 19.900 28.100 25.560000 -999.9 0.000 1.727144 22.235301 400.000
montpellier 2025  7 21 202 20.000 28.500 24.922800 -999.9 11.000 2.936331 17.080613 400.000
montpellier 2025  7 22 203 18.300 30.400 27.824400 -999.9 0.000 1.887018 14.086622 400.000
montpellier 2025  7 23 204 18.000 29.600 18.910800 -999.9 0.500 1.880785 15.606708 400.000
montpellier 2025  7 24 205 18.000 28.000 25.329600 -999.9 0.000 2.774587 13.380695 400.000
montpellier 2025  7 25 206 18.100 28.900 23.918400 -999.9 1.200 3.197491 13.046786 400.000
montpellier 2025  7 26 207 19.600 32.200 20.908800 -999.9 0.000 3.862232 13.357393 400.000
montpellier 2025  7 27 208 21.500 28.400 18.208800 -999.9 0.000 3.563987 14.903804 400.000
montpellier 2025  7 28 209 19.300 28.800 23.680800 -999.9 0.000 4.429740 11.168312 400.000
montpellier 2025  7 29 210 19.000 30.900 26.330400 -999.9 0.000 3.429044 10.021736 400.000
montpellier 2025  7 30 211 20.500 30.500 18.388800 -999.9 0.000 3.402554 12.100563 400.000
montpellier 2025  7 31 212 19.500 31.100 26.586000 -999.9 0.000 1.498084 14.181484 400.000
montpellier 2025  8  1 213 20.900 33.300 25.570800 -999.9 0.000 2.354799 13.016365 400.000
montpellier 2025  8  2 214 20.400 30.700 26.474400 -999.9 0.000 2.783313 11.731534 400.000
montpellier 2025  8  3 215 17.500 31.800 26.967600 -999.9 0.000 2.414635 10.122701 400.000
montpellier 2025  8  4 216 16.900 33.200 25.369200 -999.9 0.000 1.732753 9.309205 400.000
montpellier 2025  8  5 217 18.300 37.000 26.251200 -999.9 0.000 1.949971 12.124311 400.000
montpellier 2025  8  6 218 21.300 31.900 22.449600 -999.9 0.000 1.963060 9.759594 400.000
montpellier 2025  8  7 219 17.700 30.900 25.956000 -999.9 0.000 1.585033 14.917452 400.000
montpellier 2025  8  8 220 19.300 30.500 25.207200 -999.9 0.000 1.328548 20.870432 400.000
montpellier 2025  8  9 221 19.900 31.800 25.221600 -999.9 0.000 1.292709 23.051842 400.000
montpellier 2025  8 10 222 21.500 40.800 24.282000 -999.9 0.000 1.171167 19.522371 400.000
montpellier 2025  8 11 223 23.100 37.600 25.491600 -999.9 0.000 1.475333 17.254937 400.000
montpellier 2025  8 12 224 20.400 36.700 24.019200 -999.9 0.000 1.396487 18.856380 400.000
montpellier 2025  8 13 225 20.900 35.000 24.930000 -999.9 0.000 1.274010 21.288493 400.000
montpellier 2025  8 14 226 25.100 39.200 21.164400 -999.9 0.000 1.380281 15.428110 400.000
montpellier 2025  8 15 227 22.000 39.200 23.886000 -999.9 0.000 1.429210 15.315387 400.000
montpellier 2025  8 16 228 26.000 40.800 24.642000 -999.9 0.000 2.624685 12.992839 400.000
montpellier 2025  8 17 229 25.600 37.500 24.843600 -999.9 0.000 2.778950 11.584801 400.000
montpellier 2025  8 18 230 22.900 35.300 24.328800 -999.9 0.000 2.045023 13.972472 400.000
montpellier 2025  8 19 231 20.800 30.500 16.372800 -999.9 7.500 1.243469 20.825448 400.000
montpellier 2025  8 20 232 20.000 27.400 19.706400 -999.9 7.600 1.482501 20.144812 400.000
montpellier 2025  8 21 233 17.700 27.700 20.286000 -999.9 0.000 2.030064 15.347087 400.000
montpellier 2025  8 22 234 19.100 31.400 22.888800 -999.9 0.000 2.344515 14.234515 400.000
montpellier 2025  8 23 235 15.400 29.900 24.166800 -999.9 0.000 1.470036 12.729249 400.000
montpellier 2025  8 24 236 18.500 31.000 23.954400 -999.9 0.000 1.918495 11.295787 400.000
montpellier 2025  8 25 237 16.400 27.000 16.066800 -999.9 0.000 1.378412 19.438583 400.000
montpellier 2025  8 26 238 21.100 28.600 16.153200 -999.9 0.100 1.251883 24.646231 400.000
montpellier 2025  8 27 239 22.300 27.300 16.736400 -999.9 4.900 2.113897 24.253420 400.000
montpellier 2025  8 28 240 18.100 27.400 13.035600 -999.9 0.300 2.021649 19.119574 400.000
montpellier 2025  8 29 241 16.300 24.500 16.542000 -999.9 0.400 2.875249 14.694019 400.000
montpellier 2025  8 30 242 16.800 27.500 18.579600 -999.9 0.000 3.127059 14.346727 400.000
montpellier 2025  8 31 243 16.400 27.100 21.463200 -999.9 17.100 2.320830 18.958456 400.000
montpellier 2025  9  1 244 18.100 26.100 16.066800 -999.9 2.300 1.989550 17.037535 400.000
montpellier 2025  9  2 245 16.100 27.200 21.268800 -999.9 0.000 2.386276 13.255944 400.000
montpellier 2025  9  3 246 17.800 27.400 21.657600 -999.9 0.000 1.866450 16.163711 400.000
montpellier 2025  9  4 247 19.400 25.400 12.798000 -999.9 7.100 2.293093 21.058385 400.000
montpellier 2025  9  5 248 16.900 28.300 21.495600 -999.9 0.000 1.982382 12.581250 400.000
montpellier 2025  9  6 249 16.000 27.500 21.607200 -999.9 0.000 1.822507 12.778956 400.000
montpellier 2025  9  7 250 16.600 26.800 19.641600 -999.9 0.000 1.738051 18.708610 400.000
montpellier 2025  9  8 251 18.000 30.400 18.320400 -999.9 2.300 1.085464 18.299083 400.000
montpellier 2025  9  9 252 18.800 28.900 18.320400 -999.9 2.800 1.787291 17.203096 400.000
montpellier 2025  9 10 253 17.200 28.700 19.638000 -999.9 2.800 2.222661 13.395237 400.000
montpellier 2025  9 11 254 17.800 26.800 15.843600 -999.9 0.000 3.444003 12.964949 400.000
montpellier 2025  9 12 255 17.300 26.800 15.922800 -999.9 0.000 2.000457 13.159343 400.000
montpellier 2025  9 13 256 16.000 19.600 4.845600 -999.9 35.900 1.810665 16.057498 400.000
montpellier 2025  9 14 257 14.500 28.800 16.196400 -999.9 0.000 1.796018 17.139381 400.000
montpellier 2025  9 15 258 18.600 29.900 18.622800 -999.9 0.000 1.863333 18.375920 400.000
montpellier 2025  9 16 259 18.300 28.600 18.774000 -999.9 0.000 1.521145 12.978514 400.000
montpellier 2025  9 17 260 15.000 30.300 18.853200 -999.9 0.000 1.126913 11.548435 400.000
montpellier 2025  9 18 261 15.100 29.500 19.368000 -999.9 0.000 1.002566 15.889957 400.000
montpellier 2025  9 19 262 14.800 26.100 18.118800 -999.9 0.000 1.286164 18.523429 400.000
montpellier 2025  9 20 263 17.500 26.400 18.147600 -999.9 0.000 1.668243 20.138349 400.000
montpellier 2025  9 21 264 18.500 23.900 9.504000 -999.9 6.100 1.822819 20.921058 400.000
montpellier 2025  9 22 265 14.100 23.100 16.340400 -999.9 0.300 2.359474 12.987937 400.000
montpellier 2025  9 23 266 11.300 20.000 16.650000 -999.9 0.100 2.316778 10.396884 400.000
montpellier 2025  9 24 267 11.100 20.100 15.465600 -999.9 0.100 3.420941 9.357166 400.000
montpellier 2025  9 25 268 11.900 20.500 14.130000 -999.9 0.000 2.414012 9.490067 400.000
montpellier 2025  9 26 269 8.100 20.500 15.883200 -999.9 0.000 1.365322 9.482202 400.000
montpellier 2025  9 27 270 9.600 21.100 16.527600 -999.9 0.000 1.286476 10.336284 400.000
montpellier 2025  9 28 271 9.500 20.400 10.152000 -999.9 0.000 1.108214 11.383766 400.000
montpellier 2025  9 29 272 9.800 24.800 16.999200 -999.9 0.000 0.943665 12.238090 400.000
montpellier 2025  9 30 273 11.200 24.900 16.599600 -999.9 0.000 1.531430 11.255227 400.000
montpellier 2025 10  1 274 11.600 24.300 17.031600 -999.9 0.000 3.158535 9.312408 400.000
montpellier 2025 10  2 275 13.000 23.100 16.941600 -999.9 0.000 2.133842 7.775849 400.000
montpellier 2025 10  3 276 9.200 22.100 12.920400 -999.9 0.000 1.201708 10.603577 400.000
montpellier 2025 10  4 277 14.100 26.400 12.884400 -999.9 0.200 2.621569 14.212334 400.000
montpellier 2025 10  5 278 13.300 22.500 15.919200 -999.9 0.000 3.454911 7.810647 400.000
montpellier 2025 10  6 279 11.400 22.800 15.980400 -999.9 0.000 2.652110 8.042207 400.000
montpellier 2025 10  7 280 13.100 24.400 14.868000 -999.9 0.000 1.789473 9.906726 400.000
montpellier 2025 10  8 281 11.100 23.500 13.446000 -999.9 0.000 1.161506 12.286969 400.000
montpellier 2025 10  9 282 13.000 24.000 11.880000 -999.9 0.000 1.564776 13.084843 400.000
montpellier 2025 10 10 283 14.400 25.100 14.846400 -999.9 0.000 2.811673 11.599265 400.000
montpellier 2025 10 11 284 14.200 26.200 14.803200 -999.9 0.000 2.101743 12.212817 400.000
montpellier 2025 10 12 285 12.300 25.000 14.090400 -999.9 0.000 1.649544 12.965654 400.000
montpellier 2025 10 13 286 12.600 24.200 14.230800 -999.9 0.000 1.602797 13.236449 400.000
montpellier 2025 10 14 287 12.800 24.000 13.953600 -999.9 0.000 1.662945 12.629277 400.000
montpellier 2025 10 15 288 12.300 22.400 13.993200 -999.9 0.000 2.326751 11.006054 400.000
montpellier 2025 10 16 289 11.000 22.600 13.878000 -999.9 0.000 1.877357 11.057541 400.000
montpellier 2025 10 17 290 10.100 22.000 13.824000 -999.9 0.000 1.641129 11.251618 400.000
montpellier 2025 10 18 291 9.800 21.900 13.708800 -999.9 0.000 1.436066 10.979628 400.000
montpellier 2025 10 19 292 10.500 20.600 6.732000 -999.9 3.900 3.181909 15.729725 400.000
montpellier 2025 10 20 293 15.100 23.600 10.789200 -999.9 5.400 2.560486 16.153184 400.000
montpellier 2025 10 21 294 12.400 19.600 4.287600 -999.9 0.300 1.321380 14.945825 400.000
montpellier 2025 10 22 295 15.600 22.900 8.845200 -999.9 3.100 1.880474 16.880300 400.000
montpellier 2025 10 23 296 12.600 17.900 9.644400 -999.9 1.600 3.698930 12.733586 400.000
montpellier 2025 10 24 297 11.600 19.400 10.684800 -999.9 0.000 2.215805 10.657457 400.000
montpellier 2025 10 25 298 10.900 20.100 9.417600 -999.9 0.000 2.010742 11.910247 400.000
montpellier 2025 10 26 299 11.100 15.700 11.826000 -999.9 0.000 3.506644 8.222189 400.000
montpellier 2025 10 27 300 10.100 18.400 8.391600 -999.9 0.000 3.106802 10.925319 400.000
montpellier 2025 10 28 301 10.500 21.200 11.952000 -999.9 0.000 1.222277 12.044282 400.000
montpellier 2025 10 29 302 9.700 18.900 3.877200 -999.9 13.200 3.893397 16.069313 400.000
montpellier 2025 10 30 303 11.400 21.000 11.602800 -999.9 0.100 2.117636 13.722643 400.000
montpellier 2025 10 31 304 10.200 18.600 7.020000 -999.9 2.700 2.846265 15.501470 400.000
montpellier 2025 11  1 305 16.600 19.600 6.426000 -999.9 5.200 3.424993 19.301937 400.000
montpellier 2025 11  2 306 13.500 18.800 6.832800 -999.9 6.200 2.526516 13.626123 400.000
montpellier 2025 11  3 307 10.600 19.400 10.972800 -999.9 0.000 1.909768 10.327447 400.000
montpellier 2025 11  4 308 7.300 18.800 10.922400 -999.9 0.000 2.029441 11.765580 400.000
montpellier 2025 11  5 309 10.200 17.400 5.205600 -999.9 0.800 2.886156 13.900853 400.000
montpellier 2025 11  6 310 11.600 16.100 2.541600 -999.9 35.900 3.988449 14.201305 400.000
montpellier 2025 11  7 311 9.400 17.100 8.766000 -999.9 0.800 1.223523 12.039072 400.000
montpellier 2025 11  8 312 9.100 17.700 8.233200 -999.9 0.000 1.600927 12.150658 400.000
montpellier 2025 11  9 313 8.800 19.500 10.015200 -999.9 0.000 1.965865 10.767117 400.000
montpellier 2025 11 10 314 5.200 15.800 8.272800 -999.9 0.000 0.944600 9.970006 400.000
montpellier 2025 11 11 315 5.000 15.400 8.503200 -999.9 0.400 1.541714 11.163190 400.000
montpellier 2025 11 12 316 12.600 18.700 7.509600 -999.9 5.400 3.187830 15.955955 400.000
montpellier 2025 11 13 317 13.900 18.100 6.800400 -999.9 3.700 3.291296 16.121932 400.000
montpellier 2025 11 14 318 15.200 18.100 2.599200 -999.9 12.700 5.600907 16.557594 400.000
montpellier 2025 11 15 319 14.400 20.200 9.007200 -999.9 1.400 2.423050 15.753041 400.000
montpellier 2025 11 16 320 11.600 20.500 7.858800 -999.9 6.700 2.537112 15.598135 400.000
montpellier 2025 11 17 321 8.600 18.800 8.456400 -999.9 0.200 2.695117 10.175060 400.000
montpellier 2025 11 18 322 2.700 13.400 9.529200 -999.9 0.000 2.021338 6.033096 400.000
montpellier 2025 11 19 323 -0.600 10.300 9.093600 -999.9 0.000 1.569451 6.480348 400.000
montpellier 2025 11 20 324 2.500 9.200 6.692400 -999.9 0.000 3.389777 5.342675 400.000
montpellier 2025 11 21 325 0.600 7.500 8.841600 -999.9 0.000 3.865349 3.969632 400.000
montpellier 2025 11 22 326 1.400 10.600 9.064800 -999.9 0.000 2.856238 3.888287 400.000
montpellier 2025 11 23 327 0.000 10.200 6.048000 -999.9 4.600 0.974206 6.936881 400.000
montpellier 2025 11 24 328 6.900 14.600 3.762000 -999.9 4.000 1.931272 11.038605 400.000
montpellier 2025 11 25 329 7.300 12.800 8.161200 -999.9 0.000 3.511319 7.231784 400.000
montpellier 2025 11 26 330 5.900 10.600 7.657200 -999.9 0.000 3.929548 5.414571 400.000
montpellier 2025 11 27 331 1.600 12.000 8.445600 -999.9 0.000 2.145685 5.493296 400.000
montpellier 2025 11 28 332 0.400 13.400 7.729200 -999.9 0.000 1.278061 7.326403 400.000
montpellier 2025 11 29 333 2.800 15.200 7.783200 -999.9 0.000 1.187061 9.390346 400.000
montpellier 2025 11 30 334 6.700 14.400 4.726800 -999.9 0.300 2.394067 9.223185 400.000
montpellier 2025 12  1 335 1.900 12.900 8.143200 -999.9 0.000 1.540779 6.611324 400.000
montpellier 2025 12  2 336 4.100 11.000 1.738800 -999.9 22.400 2.329556 9.869938 400.000
montpellier 2025 12  3 337 5.700 11.900 3.859200 -999.9 17.300 2.200534 9.669564 400.000
montpellier 2025 12  4 338 1.800 10.600 4.514400 -999.9 0.200 1.894809 8.220256 400.000
montpellier 2025 12  5 339 3.200 12.800 7.653600 -999.9 0.400 2.468550 7.492173 400.000
montpellier 2025 12  6 340 3.400 12.400 3.610800 -999.9 0.000 1.315771 9.405971 400.000
montpellier 2025 12  7 341 8.000 17.200 5.738400 -999.9 0.000 1.290839 12.169886 400.000
montpellier 2025 12  8 342 5.500 17.900 7.369200 -999.9 0.000 1.310161 11.235619 400.000
montpellier 2025 12  9 343 8.900 14.900 4.269600 -999.9 1.600 2.473537 12.780824 400.000
montpellier 2025 12 10 344 11.700 15.600 4.852800 -999.9 3.100 2.120753 14.140242 400.000
montpellier 2025 12 11 345 10.400 15.100 3.261600 -999.9 0.300 1.112889 13.468911 400.000
montpellier 2025 12 12 346 9.100 14.800 5.734800 -999.9 2.200 1.811911 12.679872 400.000
montpellier 2025 12 13 347 5.400 15.300 6.922800 -999.9 0.000 1.135016 10.887724 400.000
montpellier 2025 12 14 348 3.700 11.900 6.868800 -999.9 0.600 1.698784 9.338543 400.000
montpellier 2025 12 15 349 9.300 13.900 2.116800 -999.9 25.700 3.891527 12.699912 400.000
montpellier 2025 12 16 350 9.900 14.400 4.017600 -999.9 27.800 3.155107 13.126033 400.000
montpellier 2025 12 17 351 9.100 15.600 6.109200 -999.9 0.600 0.902216 12.506459 400.000
montpellier 2025 12 18 352 8.900 14.600 5.500800 -999.9 5.100 3.010191 12.950663 400.000
montpellier 2025 12 19 353 12.600 14.700 1.648800 -999.9 25.800 4.303212 14.763283 400.000
montpellier 2025 12 20 354 12.600 15.400 3.672000 -999.9 12.000 3.196244 14.296995 400.000
montpellier 2025 12 21 355 12.700 13.200 0.324000 -999.9 52.800 5.574417 13.914675 400.000
montpellier 2025 12 22 356 8.800 12.900 0.500400 -999.9 63.900 3.924562 12.059805 400.000
montpellier 2025 12 23 357 7.800 12.100 2.707200 -999.9 17.700 3.093401 10.072660 400.000
montpellier 2025 12 24 358 3.400 10.800 6.408000 -999.9 0.000 2.620945 7.287407 400.000
montpellier 2025 12 25 359 4.000 9.600 3.884400 -999.9 3.200 3.242368 7.097860 400.000
montpellier 2025 12 26 360 5.900 12.400 4.644000 -999.9 3.000 3.607929 7.109041 400.000
montpellier 2025 12 27 361 4.900 13.200 6.624000 -999.9 0.000 2.825385 6.718628 400.000
montpellier 2025 12 28 362 2.200 12.400 7.387200 -999.9 0.000 2.036608 6.486196 400.000
montpellier 2025 12 29 363 1.500 11.200 7.362000 -999.9 0.000 1.387761 6.426779 400.000
montpellier 2025 12 30 364 -0.900 10.900 7.491600 -999.9 0.000 1.478450 6.048174 400.000
montpellier 2025 12 31 365 -1.200 7.200 7.599600 -999.9 0.000 2.372563 4.242638 400.000
